X(m),Y(m)
0.000001,4.00166E-06
0.000002,4.46387E-06
0.000003,3.73596E-06
0.000004,4.71989E-06
0.000005,4.97845E-06
0.000006,6.14067E-06
0.000007,6.30985E-06
0.000008,6.47478E-06
0.000009,6.4625E-06
0.00001,4.74462E-06
0.000011,4.09005E-06
0.000012,3.74568E-06
0.000013,4.55125E-06
0.000014,4.83937E-06
0.000015,5.2898E-06
0.000016,6.56874E-06
0.000017,6.43618E-06
0.000018,7.3187E-06
0.000019,7.57399E-06
0.00002,7.28807E-06
0.000021,7.08489E-06
0.000022,6.80169E-06
0.000023,6.08999E-06
0.000024,6.03559E-06
0.000025,5.28867E-06
0.000026,4.393E-06
0.000027,4.17956E-06
0.000028,3.91111E-06
0.000029,4.29413E-06
0.00003,5.03305E-06
0.000031,4.44067E-06
0.000032,4.14888E-06
0.000033,5.0592E-06
0.000034,5.64472E-06
0.000035,5.15226E-06
0.000036,5.07849E-06
0.000037,5.42827E-06
0.000038,4.70673E-06
0.000039,4.01904E-06
0.00004,3.33265E-06
0.000041,2.47461E-06
0.000042,2.80528E-06
0.000043,1.99333E-06
0.000044,1.72898E-06
0.000045,2.29777E-06
0.000046,2.32695E-06
0.000047,3.74925E-06
0.000048,3.80228E-06
0.000049,3.60128E-06
0.00005,3.35197E-06
0.000051,3.63166E-06
0.000052,2.7736E-06
0.000053,2.04663E-06
0.000054,2.23553E-06
0.000055,1.97485E-06
0.000056,2.70871E-06
0.000057,2.97978E-06
0.000058,4.68371E-06
0.000059,4.65632E-06
0.00006,5.33266E-06
0.000061,5.05958E-06
0.000062,5.11531E-06
0.000063,5.42855E-06
0.000064,6.40581E-06
0.000065,7.0862E-06
0.000066,8.10503E-06
0.000067,8.63679E-06
0.000068,9.10791E-06
0.000069,9.07047E-06
0.00007,8.6265E-06
0.000071,7.59031E-06
0.000072,6.94435E-06
0.000073,6.21764E-06
0.000074,5.15336E-06
0.000075,4.89919E-06
0.000076,4.50633E-06
0.000077,4.01264E-06
0.000078,4.17867E-06
0.000079,4.20885E-06
0.00008,3.59801E-06
0.000081,4.96256E-06
0.000082,5.98258E-06
0.000083,7.17944E-06
0.000084,6.97389E-06
0.000085,6.10628E-06
0.000086,5.93024E-06
0.000087,5.27037E-06
0.000088,4.05443E-06
0.000089,2.59499E-06
0.00009,8.73383E-07
0.000091,-7.37005E-07
0.000092,-4.13074E-06
0.000093,-4.60206E-06
0.000094,-5.45345E-06
0.000095,-6.28507E-06
0.000096,-6.83265E-06
0.000097,-6.84195E-06
0.000098,-6.07446E-06
0.000099,-4.47393E-06
0.0001,-3.21474E-06
0.000101,-2.99651E-06
0.000102,-2.21216E-06
0.000103,-1.87741E-06
0.000104,-1.45003E-06
0.000105,-1.04522E-06
0.000106,-2.78568E-07
0.000107,3.14938E-07
0.000108,3.8151E-07
0.000109,7.91304E-07
0.00011,7.55831E-07
0.000111,-5.00475E-07
0.000112,-1.21577E-06
0.000113,-1.41173E-06
0.000114,-2.34044E-06
0.000115,-2.21536E-06
0.000116,-2.81788E-06
0.000117,-2.48404E-06
0.000118,-2.49919E-06
0.000119,-2.84741E-06
0.00012,-2.50138E-06
0.000121,-2.19822E-06
0.000122,-1.0965E-06
0.000123,-7.01158E-07
0.000124,3.66701E-07
0.000125,1.88452E-06
0.000126,3.8414E-06
0.000127,3.21202E-06
0.000128,3.87225E-06
0.000129,3.88455E-06
0.00013,4.02156E-06
0.000131,3.26397E-06
0.000132,2.71947E-06
0.000133,2.50131E-06
0.000134,2.07397E-06
0.000135,1.47466E-06
0.000136,1.80322E-06
0.000137,2.31258E-06
0.000138,3.17828E-06
0.000139,2.70159E-06
0.00014,1.54016E-06
0.000141,-2.36551E-07
0.000142,-2.80662E-06
0.000143,-4.00344E-06
0.000144,-5.72871E-06
0.000145,-5.69072E-06
0.000146,-6.27055E-06
0.000147,-5.09179E-06
0.000148,-3.77377E-06
0.000149,-3.5138E-06
0.00015,-2.46858E-06
0.000151,-1.25534E-06
0.000152,-9.85983E-07
0.000153,8.81522E-08
0.000154,6.63042E-07
0.000155,1.62764E-06
0.000156,2.49747E-06
0.000157,2.69815E-06
0.000158,2.32338E-06
0.000159,2.0958E-06
0.00016,2.00344E-06
0.000161,1.52673E-06
0.000162,2.64938E-06
0.000163,3.02431E-06
0.000164,3.77316E-06
0.000165,4.8477E-06
0.000166,5.97075E-06
0.000167,6.67301E-06
0.000168,7.92959E-06
0.000169,8.86825E-06
0.00017,8.57149E-06
0.000171,9.04447E-06
0.000172,8.3603E-06
0.000173,8.46574E-06
0.000174,8.22114E-06
0.000175,8.24158E-06
0.000176,7.86004E-06
0.000177,7.79941E-06
0.000178,7.60937E-06
0.000179,8.33417E-06
0.00018,9.71934E-06
0.000181,1.00666E-05
0.000182,1.03739E-05
0.000183,1.07069E-05
0.000184,1.00958E-05
0.000185,1.08706E-05
0.000186,1.00859E-05
0.000187,1.00027E-05
0.000188,9.42799E-06
0.000189,7.52248E-06
0.00019,6.04464E-06
0.000191,5.67473E-06
0.000192,4.39184E-06
0.000193,3.05573E-06
0.000194,2.66596E-06
0.000195,2.05315E-06
0.000196,1.32368E-06
0.000197,1.39421E-06
0.000198,7.08025E-07
0.000199,5.00405E-07
0.0002,4.26003E-07
0.000201,6.13634E-07
0.000202,6.80621E-08
0.000203,1.09295E-07
0.000204,-8.69856E-07
0.000205,-1.05427E-06
0.000206,-1.36733E-06
0.000207,-1.88361E-06
0.000208,-3.63648E-06
0.000209,-3.23599E-06
0.00021,-3.82313E-06
0.000211,-3.92548E-06
0.000212,-3.16457E-06
0.000213,-2.85222E-06
0.000214,-2.81469E-06
0.000215,-3.06074E-06
0.000216,-2.95269E-06
0.000217,-3.22004E-06
0.000218,-2.77158E-06
0.000219,-3.32645E-06
0.00022,-4.1402E-06
0.000221,-4.33114E-06
0.000222,-4.39324E-06
0.000223,-5.06697E-06
0.000224,-6.37792E-06
0.000225,-6.41768E-06
0.000226,-8.13331E-06
0.000227,-9.24236E-06
0.000228,-9.89783E-06
0.000229,-9.89572E-06
0.00023,-9.88227E-06
0.000231,-9.88428E-06
0.000232,-9.84119E-06
0.000233,-9.55203E-06
0.000234,-8.8044E-06
0.000235,-4.43478E-06
0.000236,-1.71677E-06
0.000237,2.5115E-07
0.000238,2.20787E-06
0.000239,4.11095E-06
0.00024,5.28844E-06
0.000241,6.07242E-06
0.000242,6.17677E-06
0.000243,5.8128E-06
0.000244,5.36134E-06
0.000245,4.2623E-06
0.000246,2.72971E-06
0.000247,1.0649E-06
0.000248,1.04745E-06
0.000249,5.10216E-07
0.00025,1.82043E-07
0.000251,-1.11933E-06
0.000252,-1.02346E-06
0.000253,-6.49688E-07
0.000254,-1.29012E-06
0.000255,-6.47943E-07
0.000256,2.19382E-07
0.000257,5.50738E-07
0.000258,2.3171E-06
0.000259,3.00412E-06
0.00026,3.0567E-06
0.000261,3.1372E-06
0.000262,3.06913E-06
0.000263,2.13727E-06
0.000264,1.8224E-06
0.000265,1.46895E-06
0.000266,6.03091E-07
0.000267,1.493E-06
0.000268,1.8741E-06
0.000269,1.98026E-06
0.00027,1.76909E-06
0.000271,1.90377E-06
0.000272,1.1238E-06
0.000273,9.73244E-07
0.000274,1.01211E-06
0.000275,1.2566E-06
0.000276,1.09056E-06
0.000277,4.44178E-07
0.000278,6.71128E-07
0.000279,8.91699E-07
0.00028,1.52778E-06
0.000281,9.08509E-07
0.000282,2.79727E-06
0.000283,2.20626E-06
0.000284,2.38985E-06
0.000285,2.26092E-06
0.000286,2.65016E-06
0.000287,3.68206E-06
0.000288,3.84062E-06
0.000289,6.17863E-06
0.00029,7.27133E-06
0.000291,1.01539E-05
0.000292,1.22077E-05
0.000293,1.4636E-05
0.000294,1.44406E-05
0.000295,1.40806E-05
0.000296,1.41579E-05
0.000297,1.40595E-05
0.000298,1.40754E-05
0.000299,1.37375E-05
0.0003,1.31844E-05
0.000301,1.24414E-05
0.000302,1.16667E-05
0.000303,1.14211E-05
0.000304,1.20909E-05
0.000305,1.11211E-05
0.000306,9.84397E-06
0.000307,8.89948E-06
0.000308,6.95814E-06
0.000309,6.60398E-06
0.00031,6.90032E-06
0.000311,7.49878E-06
0.000312,7.53261E-06
0.000313,9.05782E-06
0.000314,9.12775E-06
0.000315,8.82305E-06
0.000316,9.22433E-06
0.000317,9.41392E-06
0.000318,9.20446E-06
0.000319,8.90589E-06
0.00032,9.20913E-06
0.000321,8.63254E-06
0.000322,8.24321E-06
0.000323,7.18075E-06
0.000324,5.65486E-06
0.000325,5.045E-06
0.000326,4.72035E-06
0.000327,5.04932E-06
0.000328,3.94753E-06
0.000329,3.35345E-06
0.00033,1.73535E-06
0.000331,1.89704E-06
0.000332,1.51118E-06
0.000333,3.37622E-07
0.000334,-5.7818E-07
0.000335,-1.07126E-06
0.000336,-5.4627E-07
0.000337,-1.27674E-06
0.000338,-1.4301E-06
0.000339,-1.37931E-06
0.00034,-1.39521E-06
0.000341,-1.0875E-06
0.000342,-7.98696E-07
0.000343,-9.99361E-07
0.000344,2.21361E-07
0.000345,4.94711E-07
0.000346,1.74331E-06
0.000347,1.20912E-06
0.000348,2.04864E-06
0.000349,2.3296E-06
0.00035,3.28138E-06
0.000351,4.18962E-06
0.000352,5.1156E-06
0.000353,5.07597E-06
0.000354,5.89004E-06
0.000355,5.4433E-06
0.000356,5.69241E-06
0.000357,5.66184E-06
0.000358,5.31461E-06
0.000359,4.17072E-06
0.00036,3.43288E-06
0.000361,2.32632E-06
0.000362,1.61444E-06
0.000363,1.80683E-06
0.000364,1.26423E-06
0.000365,1.93915E-06
0.000366,2.65493E-06
0.000367,3.86799E-06
0.000368,3.27352E-06
0.000369,3.33458E-06
0.00037,2.64787E-06
0.000371,1.73262E-06
0.000372,1.35637E-06
0.000373,2.89152E-06
0.000374,2.64543E-06
0.000375,2.50351E-06
0.000376,3.88736E-06
0.000377,4.28817E-06
0.000378,6.37285E-06
0.000379,6.88588E-06
0.00038,8.03832E-06
0.000381,8.4765E-06
0.000382,9.0235E-06
0.000383,9.00466E-06
0.000384,8.4286E-06
0.000385,8.62606E-06
0.000386,7.79242E-06
0.000387,6.77822E-06
0.000388,5.57733E-06
0.000389,6.3819E-06
0.00039,5.43607E-06
0.000391,5.22252E-06
0.000392,4.82507E-06
0.000393,3.85635E-06
0.000394,1.99136E-06
0.000395,-4.83124E-07
0.000396,-7.76941E-07
0.000397,-1.47967E-06
0.000398,-1.77412E-06
0.000399,-2.02245E-06
0.0004,-3.31671E-06
0.000401,-4.60591E-06
0.000402,-5.01599E-06
0.000403,-5.29343E-06
0.000404,-5.57073E-06
0.000405,-5.60261E-06
0.000406,-5.28722E-06
0.000407,-5.52542E-06
0.000408,-5.576E-06
0.000409,-6.21843E-06
0.00041,-6.34837E-06
0.000411,-6.27015E-06
0.000412,-6.54154E-06
0.000413,-6.06367E-06
0.000414,-6.29036E-06
0.000415,-5.26789E-06
0.000416,-4.37111E-06
0.000417,3.99044E-07
0.000418,2.15531E-06
0.000419,2.84015E-06
0.00042,4.32032E-06
0.000421,4.58304E-06
0.000422,3.80396E-06
0.000423,4.83932E-06
0.000424,4.76564E-06
0.000425,5.20606E-06
0.000426,5.37153E-06
0.000427,4.48036E-06
0.000428,4.53306E-06
0.000429,3.36846E-06
0.00043,2.82742E-06
0.000431,2.43929E-06
0.000432,1.12298E-06
0.000433,1.46387E-06
0.000434,2.0345E-06
0.000435,2.92588E-06
0.000436,2.51622E-06
0.000437,2.55342E-06
0.000438,2.69075E-06
0.000439,3.11623E-06
0.00044,2.29805E-06
0.000441,1.57202E-06
0.000442,-1.11435E-07
0.000443,-7.399E-07
0.000444,-2.15785E-06
0.000445,-3.58299E-06
0.000446,-4.3619E-06
0.000447,-5.1582E-06
0.000448,-5.53516E-06
0.000449,-5.52961E-06
0.00045,-5.47293E-06
0.000451,-5.52257E-06
0.000452,-5.22225E-06
0.000453,-5.52753E-06
0.000454,-5.49711E-06
0.000455,-5.80092E-06
0.000456,-6.08796E-06
0.000457,-5.00899E-06
0.000458,-4.60785E-06
0.000459,-4.43127E-06
0.00046,-4.33016E-06
0.000461,-4.62784E-06
0.000462,-4.31686E-06
0.000463,-4.37927E-06
0.000464,-3.54974E-06
0.000465,-3.13363E-06
0.000466,-2.565E-06
0.000467,-2.44604E-06
0.000468,-3.37987E-06
0.000469,-3.56907E-06
0.00047,-4.66737E-06
0.000471,-6.17229E-06
0.000472,-5.01374E-06
0.000473,-7.55566E-06
0.000474,-7.26842E-06
0.000475,-6.94839E-06
0.000476,-6.5866E-06
0.000477,-6.90838E-06
0.000478,-6.8838E-06
0.000479,-6.2778E-06
0.00048,-6.89883E-06
0.000481,-5.58329E-06
0.000482,-5.06103E-06
0.000483,-4.49456E-06
0.000484,-1.97766E-06
0.000485,2.17385E-07
0.000486,3.42234E-06
0.000487,5.0304E-06
0.000488,6.4413E-06
0.000489,7.45027E-06
0.00049,7.73621E-06
0.000491,7.26581E-06
0.000492,7.33229E-06
0.000493,7.46269E-06
0.000494,7.24698E-06
0.000495,7.96417E-06
0.000496,8.10154E-06
0.000497,7.84778E-06
0.000498,7.82812E-06
0.000499,6.35076E-06
0.0005,5.52712E-06
0.000501,4.08927E-06
0.000502,2.60371E-06
0.000503,1.06911E-06
0.000504,5.35876E-07
0.000505,9.90441E-07
0.000506,1.55443E-07
0.000507,-7.19684E-07
0.000508,-7.58583E-07
0.000509,-8.82139E-07
0.00051,-4.27334E-07
0.000511,-8.21422E-07
0.000512,-6.58281E-08
0.000513,1.68172E-06
0.000514,2.73534E-06
0.000515,3.34965E-06
0.000516,3.67352E-06
0.000517,3.38217E-06
0.000518,2.92523E-06
0.000519,2.85165E-06
0.00052,1.61181E-06
0.000521,1.72429E-06
0.000522,2.28644E-06
0.000523,1.95946E-06
0.000524,3.23852E-06
0.000525,3.33434E-06
0.000526,3.35179E-06
0.000527,3.36676E-06
0.000528,3.66259E-06
0.000529,3.73752E-06
0.00053,3.31592E-06
0.000531,4.64864E-06
0.000532,5.31734E-06
0.000533,5.50214E-06
0.000534,6.9617E-06
0.000535,8.53314E-06
0.000536,1.05682E-05
0.000537,1.13249E-05
0.000538,1.13998E-05
0.000539,1.20103E-05
0.00054,1.13349E-05
0.000541,1.14062E-05
0.000542,1.11633E-05
0.000543,1.09027E-05
0.000544,1.13713E-05
0.000545,1.10747E-05
0.000546,1.10808E-05
0.000547,1.14502E-05
0.000548,1.15203E-05
0.000549,1.14942E-05
0.00055,1.11184E-05
0.000551,1.10947E-05
0.000552,9.4347E-06
0.000553,7.27914E-06
0.000554,6.35181E-06
0.000555,4.68077E-06
0.000556,2.88728E-06
0.000557,1.41842E-06
0.000558,8.02883E-07
0.000559,8.0731E-07
0.00056,7.66728E-07
0.000561,3.11295E-06
0.000562,2.9799E-06
0.000563,4.32653E-06
0.000564,4.3825E-06
0.000565,4.15526E-06
0.000566,2.27721E-06
0.000567,1.11799E-06
0.000568,-1.91498E-07
0.000569,-4.17875E-07
0.00057,-1.95194E-07
0.000571,3.44517E-07
0.000572,7.78693E-07
0.000573,-3.3811E-07
0.000574,-2.86054E-07
0.000575,-5.99249E-07
0.000576,-1.35771E-06
0.000577,-1.28254E-06
0.000578,-2.46587E-06
0.000579,-2.25889E-06
0.00058,-2.14846E-06
0.000581,-1.79612E-06
0.000582,-1.09994E-06
0.000583,3.65856E-07
0.000584,1.1522E-06
0.000585,4.44053E-06
0.000586,5.04345E-06
0.000587,6.01521E-06
0.000588,6.47827E-06
0.000589,7.28615E-06
0.00059,7.55031E-06
0.000591,7.09973E-06
0.000592,6.3573E-06
0.000593,7.22405E-06
0.000594,5.57003E-06
0.000595,6.28834E-06
0.000596,5.2054E-06
0.000597,4.76457E-06
0.000598,4.45216E-06
0.000599,4.36731E-06
0.0006,3.12676E-06
